[1] "started"
[1] 50401
[1] 56400
[1] 1000
[1] "Main kmer list of a sequence length 6000"
[1] "Collapse kmers"
[1] "Find locations"
[1] "Distances"
[1] 3
[1] 3
[1] 15
[1] 15
[1] 1
[1] 1
[1] 75
[1] 75
[1] 2
[1] 2
[1] 4
[1] 4
[1] 12
[1] 12
[1] 10
[1] 10
[1] 1
[1] 1
[1] 10
[1] 10
[1] 16
[1] 16
[1] 0
[1] 0
[1] 2
[1] 2
[1] 4
[1] 4
[1] 12
[1] 12
[1] 3
[1] 3
[1] 9
[1] 9
[1] 16
[1] 16
[1] 10
[1] 10
[1] 13
[1] 13
[1] 1
[1] 1
[1] 6
[1] 6
[1] 8
[1] 8
[1] 9
[1] 9
[1] 6
[1] 6
[1] 7
[1] 7
[1] 4
[1] 4
[1] 5
[1] 5
[1] 7
[1] 7
[1] 10
[1] 10
[1] 4
[1] 4
[1] 11
[1] 11
[1] 0
[1] 0
[1] 7
[1] 7
[1] 1
[1] 1
[1] 3
[1] 3
[1] 15
[1] 15
[1] 7
[1] 7
[1] 14
[1] 14
[1] 11
[1] 11
[1] 3
[1] 3
[1] 5
[1] 5
[1] 5
[1] 5
[1] 10
[1] 10
[1] 1
[1] 1
[1] 2
[1] 2
[1] 10
[1] 10
[1] 12
[1] 12
[1] 7
[1] 7
[1] 1
[1] 1
[1] 3
[1] 3
[1] 11
[1] 11
[1] 4
[1] 4
[1] 9
[1] 9
[1] 11
[1] 11
[1] 1
[1] 1
[1] 4
[1] 4
[1] 10
[1] 10
[1] 6
[1] 6
[1] 13
[1] 13
[1] 9
[1] 9
[1] 4
[1] 4
[1] 1
[1] 1
[1] 6
[1] 6
[1] 5
[1] 5
[1] 17
[1] 17
[1] 5
[1] 5
[1] 8
[1] 8
[1] 12
[1] 12
[1] 20
[1] 20
[1] 7
[1] 7
[1] 1
[1] 1
[1] 10
[1] 10
[1] 1
[1] 1
[1] 1
[1] 1
[1] 1
[1] 1
[1] 5
[1] 5
[1] 13
[1] 13
[1] 4
[1] 4
[1] 14
[1] 14
[1] 4
[1] 4
[1] 6
[1] 6
[1] 1
[1] 1
[1] 7
[1] 7
[1] 1
[1] 1
[1] 0
[1] 0
[1] 12
[1] 12
[1] 9
[1] 9
[1] 60
[1] 60
[1] 1
[1] 1
[1] 2
[1] 2
[1] 4
[1] 4
[1] 23
[1] 23
[1] 4
[1] 4
[1] 1
[1] 1
[1] 6
[1] 6
[1] 4
[1] 4
[1] 21
[1] 21
[1] 11
[1] 11
[1] 6
[1] 6
[1] 4
[1] 4
[1] 6
[1] 6
[1] 6
[1] 6
[1] 1
[1] 1
[1] 3
[1] 3
[1] 14
[1] 14
[1] 5
[1] 5
[1] 11
[1] 11
[1] 5
[1] 5
[1] 5
[1] 5
[1] 1
[1] 1
[1] 2
[1] 2
[1] 11
[1] 11
[1] 7
[1] 7
[1] 10
[1] 10
[1] 10
[1] 10
[1] 5
[1] 5
[1] 7
[1] 7
[1] 6
[1] 6
[1] 1
[1] 1
[1] 1
[1] 1
[1] 3
[1] 3
[1] 7
[1] 7
[1] 1
[1] 1
[1] 11
[1] 11
[1] 1
[1] 1
[1] 1
[1] 1
[1] 12
[1] 12
[1] 11
[1] 11
[1] 11
[1] 11
[1] 3
[1] 3
[1] 64
[1] 64
[1] 4
[1] 4
[1] 5
[1] 5
[1] 2
[1] 2
[1] 1
[1] 1
[1] 5
[1] 5
[1] 3
[1] 3
[1] 13
[1] 13
[1] 4
[1] 4
[1] 5
[1] 5
[1] 0
[1] 0
[1] 3
[1] 3
[1] 13
[1] 13
[1] 2
[1] 2
[1] 3
[1] 3
[1] 10
[1] 10
[1] 7
[1] 7
[1] 26
[1] 26
[1] 10
[1] 10
[1] 6
[1] 6
[1] 9
[1] 9
[1] 6
[1] 6
[1] 9
[1] 9
[1] 4
[1] 4
[1] 4
[1] 4
[1] 7
[1] 7
[1] 13
[1] 13
[1] 10
[1] 10
[1] 4
[1] 4
[1] 9
[1] 9
[1] 5
[1] 5
[1] 4
[1] 4
[1] 3
[1] 3
[1] 1
[1] 1
[1] 8
[1] 8
[1] 1
[1] 1
[1] 6
[1] 6
[1] 3
[1] 3
[1] 9
[1] 9
[1] 3
[1] 3
[1] 10
[1] 10
[1] 7
[1] 7
[1] 15
[1] 15
[1] 4
[1] 4
[1] 7
[1] 7
[1] 8
[1] 8
[1] 1
[1] 1
[1] 1
[1] 1
[1] 5
[1] 5
[1] 7
[1] 7
[1] 10
[1] 10
[1] 6
[1] 6
[1] 9
[1] 9
[1] 5
[1] 5
[1] 1
[1] 1
[1] 1
[1] 1
[1] 4
[1] 4
[1] 11
[1] 11
[1] 11
[1] 11
[1] 5
[1] 5
[1] 2
[1] 2
[1] 4
[1] 4
[1] 5
[1] 5
[1] 2
[1] 2
[1] 8
[1] 8
[1] 15
[1] 15
[1] 2
[1] 2
[1] 4
[1] 4
[1] 6
[1] 6
[1] 18
[1] 18
[1] 1
[1] 1
[1] 8
[1] 8
[1] 9
[1] 9
[1] 1
[1] 1
[1] 15
[1] 15
[1] 11
[1] 11
[1] 5
[1] 5
[1] 5
[1] 5
[1] 12
[1] 12
[1] 1
[1] 1
[1] 4
[1] 4
[1] 9
[1] 9
[1] 1
[1] 1
[1] 10
[1] 10
[1] 1
[1] 1
[1] 6
[1] 6
[1] 3
[1] 3
[1] 5
[1] 5
[1] 7
[1] 7
[1] 1
[1] 1
[1] 7
[1] 7
[1] 7
[1] 7
[1] 1
[1] 1
[1] 2
[1] 2
[1] 16
[1] 16
[1] 5
[1] 5
[1] 7
[1] 7
[1] 2
[1] 2
[1] 5
[1] 5
[1] 1
[1] 1
[1] 6
[1] 6
[1] 2
[1] 2
[1] 1
[1] 1
[1] 1
[1] 1
[1] 1
[1] 1
[1] 7
[1] 7
[1] 2
[1] 2
[1] 2
[1] 2
[1] 2
[1] 2
[1] 2
[1] 2
[1] 2
[1] 2
[1] 1
[1] 1
[1] 5
[1] 5
[1] 2
[1] 2
[1] 2
[1] 2
[1] 6
[1] 6
[1] 1
[1] 1
[1] 1
[1] 1
[1] 2
[1] 2
[1] 13
[1] 13
[1] 2
[1] 2
[1] 1
[1] 1
[1] 5
[1] 5
[1] 2
[1] 2
[1] 2
[1] 2
[1] 1
[1] 1
[1] 1
[1] 1
[1] 6
[1] 6
[1] 2
[1] 2
[1] 2
[1] 2
[1] 2
[1] 2
[1] 1
[1] 1
[1] 1
[1] 1
[1] 2
[1] 2
[1] 8
[1] 8
[1] 1
[1] 1
[1] 6
[1] 6
[1] 2
[1] 2
[1] 2
[1] 2
[1] 2
[1] 2
[1] 9
[1] 9
[1] 2
[1] 2
[1] 3
[1] 3
[1] 3
[1] 3
[1] 3
[1] 3
[1] 1
[1] 1
[1] 2
[1] 2
[1] 3
[1] 3
[1] 3
[1] 3
[1] 3
[1] 3
[1] 2
[1] 2
[1] 3
[1] 3
[1] 3
[1] 3
[1] 3
[1] 3
[1] 1
[1] 1
[1] 2
[1] 2
[1] 8
[1] 8
[1] 2
[1] 2
[1] 7
[1] 7
[1] 3
[1] 3
[1] 2
[1] 2
[1] 3
[1] 3
[1] 3
[1] 3
[1] 4
[1] 4
[1] 3
[1] 3
[1] 4
[1] 4
[1] 3
[1] 3
[1] 3
[1] 3
[1] 3
[1] 3
[1] 4
[1] 4
[1] 4
[1] 4
[1] 3
[1] 3
[1] 10
[1] 10
[1] 3
[1] 3
[1] 4
[1] 4
[1] 4
[1] 4
[1] 10
[1] 10
[1] 3
[1] 3
[1] 4
[1] 4
[1] 4
[1] 4
[1] 10
[1] 10
[1] 3
[1] 3
[1] 3
[1] 3
[1] 4
[1] 4
[1] 3
[1] 3
[1] 4
[1] 4
[1] 5
[1] 5
[1] 5
[1] 5
[1] 5
[1] 5
[1] 5
[1] 5
[1] 5
[1] 5
[1] 5
[1] 5
[1] 5
[1] 5
[1] 5
[1] 5
[1] 4
[1] 4
[1] 5
[1] 5
[1] 5
[1] 5
[1] 5
[1] 5
[1] 12
[1] 12
[1] 5
[1] 5
[1] 4
[1] 4
[1] 5
[1] 5
[1] 5
[1] 5
[1] 6
[1] 6
[1] "Breaks"
[1] "Arrays creation"
[1] "Arrays done"
[1] "Array 1 / 1"
[1] "moving_top_distance: "
 [1]   0   0   0   0   0   0 346 346 346 346 346 346 346 346 346 372 372 372 702
[20] 702 702 702 372 372 372 372 372 372 339 339 339 372 339 339 339 339 339 357
[39] 357 357   3   3   3   3   3   3   3   3   3   3   3   3   3   3   0   0   0
[58]   0   0   0
[1] "top_N_array"

  3 372 346 339 702 357 
 14  10   9   8   4   3 
[1] "arrays"
  start  end                        seqID numID     score top_N
1     1 6000 da_ScuGale1.1_SUPER_15_extr2     1 0.2587813     3
                                                                  top_5_N
1 .N_3_Count_14.N_372_Count_10.N_346_Count_9.N_339_Count_8.N_702_Count_4.
  representative
1               
[1] "top_kmer"
$count
aaaattattatt 
          77 

$kmers
 [1] "aaaattattatt" "ataataattatt" "attattattata" "attattattatc" "attattgttatt"
 [6] "attagtattatt" "attatcattatt" "attattagtatt" "attattatcatt" "attattattaat"
[11] "ttatttattatt" "agtattattatt" "attattattgtt" "tttattattatt" "atcattattatt"
[16] "attattattatt"

$locations
 [1] 4474 4477 4480 4502 4566 4569 4572 4575 4578 4606 4609 4708 4711 4714 4788
[16] 4937 4940 4943 4946 4956 4959 5012 5108 5176 5186 5189 5192 5195 5198 5228
[31] 5231 5234 5270 5273 5416 5425 5428 5431 5474 5477 5584 5587 5590 5593 5596
[46] 5599 5602 5605 5623

$distances
 [1] 3 3 3 3 3 3 3 3 3 3 3 3 3 3 3 3 3 3 3 3 3 3 3 3 3 3 3 3 3 3 3 3 3 3 3 3 3 3
[39] 3 3 3 3 3 3 3 3 3 3 3

$count_kmers_top_N_distance
[1] 49

[1] "top_kmer_list"
 [1] "att" "att" "agt" "atc" "aaa" "att" "att" "att" "att" "att" "att" "att"
[13] "att" "att" "atc" "att" "att" "att" "atc" "tta" "ttt" "atc" "att" "atc"
[25] "tta" "ttt" "att" "att" "att" "ttt" "att" "att" "att" "atc" "att" "att"
[37] "att" "agt" "att" "att" "aaa" "att" "att" "att" "att" "att" "att" "att"
[49] "att"
[1] "Out?"
[1] "Returning arrays"
  start   end                        seqID numID     score top_N
1 50401 56400 da_ScuGale1.1_SUPER_15_extr2     1 0.2587813     3
                                                                  top_5_N
1 .N_3_Count_14.N_372_Count_10.N_346_Count_9.N_339_Count_8.N_702_Count_4.
  representative
1            att
